Adição AVL
383114
446404
472940
493227
508460
520026
529457
537235
544627
550180
Adição B1
302535
338953
351757
365413
373167
377235
379306
386251
394907
397354
Adição B5
230970
249462
250005
249987
255444
257864
257269
256484
256318
256702
Adição B10
223942
238740
236825
234910
234344
232700
231964
237026
241640
240789
Adição RN
138438
160000
169904
177806
184049
190009
194854
198785
202745
206278
Remoção AVL
707794
717539
714415
692957
673955
642177
612688
571133
520529
424234
Remoção B1
262378
267589
266753
266989
265966
266212
266489
266212
267196
267644
Remoção B5
214113
213846
213170
211948
210997
209863
208424
208171
207329
206694
Remoção B10
204794
203326
202236
201627
200954
200191
199901
199311
197587
193526
Remoção RN
130998
135769
136860
137098
137260
137669
137731
138011
138615
139001
